1740297883732 0.5599017590284348 0
1740297940828 0.5197017835197763 1
1740297998145 0.5121216765541917 2
1740298055254 0.50750171375449 3
1740298111729 0.5029992627514563 4
1740298166685 0.499600041010698 5
1740298220837 0.49742538141430626 6
1740298276719 0.4950884038504125 7
1740298332277 0.4931819773733725 8
1740298387324 0.4918937015958416 9
1740298442128 0.4900214330070197 10
1740298495188 0.48851093865072925 11
1740298551153 0.486304232295623 12
1740298607430 0.48573813848946606 13
1740298661733 0.4840922500849642 14
1740298715897 0.4822410396019327 15
1740298768469 0.48234285316149106 16
1740298825294 0.48050703951438556 17
1740298884054 0.4796496804197484 18
1740298940922 0.4784244782473531 19
1740298997082 0.4768537452658962 20
1740299053290 0.475864791224491 21
1740299110110 0.4754704004068479 22
1740299166769 0.47408473913913673 23
1740299223324 0.47344170352767545 24
1740299279136 0.47149870570551544 25
1740299335827 0.4721174425082843 26
1740299391674 0.4703211620368295 27
1740299450328 0.46935934330961604 28
1740299507841 0.46974490882600684 29
