1740296332840 0.5599719520651444 0
1740296390233 0.5215448551356684 1
1740296450680 0.5116146904785847 2
1740296510526 0.5068734887939702 3
1740296567775 0.5029231363284304 4
1740296624418 0.5003248954113484 5
1740296681540 0.49761028546955727 6
1740296739222 0.4961124470072647 7
1740296796509 0.4936820639797931 8
1740296853296 0.49206080346264397 9
1740296909624 0.49049310429767456 10
1740296964364 0.48880978077105236 11
1740297019700 0.4867135891503564 12
1740297075867 0.48562184286727766 13
1740297131124 0.48496815229900575 14
1740297185756 0.4831159186346875 15
1740297241569 0.4821600909642807 16
1740297296553 0.48077386902335356 17
1740297351440 0.47970252082269416 18
1740297408240 0.4793141399811565 19
1740297465038 0.4774986477449564 20
1740297521884 0.4772307796768122 21
1740297578488 0.4758938914215979 22
1740297636679 0.4750423525107626 23
1740297695386 0.4743707077049904 24
1740297752116 0.47294356793819003 25
1740297808838 0.4718418827849071 26
