1740305183631 0.5247474578932827 0
1740305239709 0.5072775750371612 1
1740305295824 0.5017966236476489 2
1740305351370 0.49611838533793334 3
1740305406521 0.4929220427706211 4
1740305462407 0.4887759560068739 5
1740305519705 0.4865427902019438 6
1740305577605 0.4835297265779602 7
1740305635481 0.48091721672299137 8
1740305692672 0.4775480866241499 9
1740305750215 0.47611700325278083 10
1740305807635 0.47207975180537 11
1740305863936 0.47154071994493607 12
1740305919711 0.470088110586298 13
1740305976257 0.4670746793095329 14
1740306034299 0.46563462020873586 15
