1740300201255 0.6384336590167591 0
1740300282812 0.5592656773830027 1
1740300361667 0.5275989497383509 2
1740300441028 0.5124082657929094 3
1740300521546 0.5019504678260256 4
1740300600422 0.4937246664949919 5
1740300679091 0.4885386771486708 6
1740300759031 0.4835455037340168 7
1740300838729 0.4788408989880159 8
1740300917583 0.47532721893552016 9
1740300998850 0.47143516573762106 10
1740301079401 0.46765453835619 11
1740301158254 0.4653956202527941 12
1740301237172 0.46092216152922544 13
1740301318192 0.45795428096376345 14
1740301397377 0.45518832006772647 15
1740301476488 0.45255473425009135 16
1740301556067 0.4496004598341215 17
