1740301653890 0.6347243104273048 0
1740301733110 0.5566704929474285 1
1740301812999 0.5244349977052626 2
1740301893256 0.5077308279068858 3
1740301972310 0.4988740992611461 4
1740302051455 0.4910825898213622 5
1740302132716 0.4862197556650399 6
1740302211876 0.4810909982464213 7
1740302291082 0.4772691300353359 8
1740302372338 0.4726089934326395 9
1740302451534 0.46938324274267096 10
1740302532424 0.46556894595596865 11
1740302614633 0.46221400222569103 12
1740302694018 0.4595248688564004 13
1740302773177 0.4564702137896086 14
1740302852362 0.45365092681356495 15
1740302933694 0.4509635273728118 16
1740303012768 0.448042181744436 17
1740303092069 0.44601174224665224 18
1740303171346 0.44314844919950913 19
1740303252535 0.44021822893532364 20
