1740304158046 0.5241347649007001 0
1740304214435 0.507836803589595 1
1740304271557 0.5013283552836892 2
1740304328325 0.49669831154878225 3
1740304384971 0.49356384638022677 4
1740304439559 0.4893879215803399 5
1740304495922 0.4865336329480412 6
1740304552701 0.48282693513078273 7
1740304609833 0.4809688955981291 8
1740304667031 0.4782670678833067 9
1740304724011 0.4760550816272687 10
1740304779630 0.47361490920431215 11
1740304836001 0.4715038086177008 12
1740304893504 0.4703211329291682 13
1740304949746 0.4681580375873193 14
1740305005241 0.46563481949474084 15
1740305060886 0.4644487826000402 16
1740305115932 0.4640543200416147 17
