1740303249729 0.529140931297046 0
1740303305784 0.5076661848444389 1
1740303362434 0.5013140204483456 2
1740303416326 0.4972438360317534 3
1740303471802 0.4925707845626845 4
1740303526629 0.4895633159297258 5
1740303581776 0.48687326699713246 6
1740303636820 0.4845291292482146 7
1740303692142 0.4819585372586573 8
1740303748246 0.4783051328178516 9
1740303805338 0.47697118172588904 10
1740303861878 0.4754522405088057 11
1740303918350 0.4735604639708233 12
1740303976418 0.47155118191536427 13
1740304033617 0.4701751577216703 14
1740304088726 0.46856263501933987 15
