1740301423689 0.5286724697083398 0
1740301479073 0.5081789967973446 1
1740301534175 0.5016724088755342 2
1740301589605 0.49725375440264535 3
1740301645163 0.49286501941831284 4
1740301701156 0.4898582550491014 5
1740301755867 0.4865787401795387 6
1740301811977 0.4844021211349332 7
1740301867201 0.4815908446907997 8
1740301923238 0.47949308037104077 9
1740301978619 0.4776732376087082 10
1740302034016 0.47555638738044653 11
1740302089628 0.4738652606578152 12
1740302146859 0.4715370003004615 13
1740302204578 0.4705786998817864 14
1740302261438 0.4682360184557695 15
1740302317384 0.46677631300480754 16
1740302371993 0.465261176596285 17
