1740298736855 0.6484673701267574 0
1740298825823 0.5570889246638122 1
1740298905858 0.523237027895298 2
1740298984379 0.5085475706585583 3
1740299066603 0.4985647458426477 4
1740299146890 0.4914099868843281 5
1740299225627 0.4857664557218116 6
1740299304438 0.4806859141566418 7
1740299384682 0.47644011485620213 8
1740299464221 0.4730289641910759 9
1740299543019 0.46849884926401064 10
1740299624367 0.46588796074800126 11
1740299704450 0.462264336659224 12
1740299783323 0.4592331369463661 13
1740299862263 0.4556146479829792 14
1740299941249 0.4527718523956522 15
1740300021906 0.4501770716807524 16
1740300100781 0.44748582455314273 17
