1740299579352 0.5621301806523333 0
1740299636279 0.5226523476828169 1
1740299693159 0.5121173429178582 2
1740299750484 0.5077840396402304 3
1740299807623 0.5038038171296582 4
1740299864040 0.5012855272079516 5
1740299920601 0.49848888479377496 6
1740299975937 0.4965977626946334 7
1740300032133 0.4936056478286138 8
1740300088736 0.492514468102939 9
1740300145578 0.49051849031906025 10
1740300202114 0.4888504747389875 11
1740300258971 0.48777013154908117 12
1740300315774 0.48520761284248487 13
1740300374883 0.48380165011834836 14
1740300433050 0.48274529880590367 15
1740300491307 0.48222670005379037 16
1740300548385 0.4815363032535617 17
1740300605428 0.4794285079324703 18
1740300662227 0.4785580214868952 19
1740300720975 0.477906389730613 20
1740300778563 0.4768397571617768 21
1740300836343 0.4750384163295329 22
1740300893388 0.47422929891339166 23
1740300952222 0.4734055503549044 24
1740301009914 0.47332450259865094 25
1740301066899 0.47189521052665206 26
1740301123984 0.47113713455919376 27
1740301181250 0.47068444375200724 28
1740301238386 0.4691744520647325 29
1740301296235 0.46935306113533387 30
1740301353630 0.46783945631828344 31
